2024-05-29 14:01:53,705 System shutting down. Cleaning similarity matrix of current session...
2024-05-29 14:06:09,530 {"message": "Waiting for suitable server to become available", "selector": "Primary()", "operation": "ping", "topologyDescription": "<TopologyDescription id: 6656d3e17822e802f3f7c48f, topology_type: ReplicaSetNoPrimary, servers: [<ServerDescription ('ac-3dowah8-shard-00-00.nex3ywa.mongodb.net', 27017) server_type: Unknown, rtt: None>, <ServerDescription ('ac-3dowah8-shard-00-01.nex3ywa.mongodb.net', 27017) server_type: Unknown, rtt: None>, <ServerDescription ('ac-3dowah8-shard-00-02.nex3ywa.mongodb.net', 27017) server_type: Unknown, rtt: None>]>", "clientId": {"$oid": "6656d3e17822e802f3f7c48f"}, "remainingTimeMS": 30}
2024-05-29 14:06:43,265 {"message": "Waiting for suitable server to become available", "selector": "<function writable_server_selector at 0x0000025BD096BEC0>", "operation": "insert", "topologyDescription": "<TopologyDescription id: 6656d3e17822e802f3f7c48f, topology_type: ReplicaSetNoPrimary, servers: [<ServerDescription ('ac-3dowah8-shard-00-00.nex3ywa.mongodb.net', 27017) server_type: Unknown, rtt: None, error=AutoReconnect('SSL handshake failed: ac-3dowah8-shard-00-00.nex3ywa.mongodb.net:27017: [SSL: TLSV1_ALERT_INTERNAL_ERROR] tlsv1 alert internal error (_ssl.c:1000) (configured timeouts: socketTimeoutMS: 20000.0ms, connectTimeoutMS: 20000.0ms)')>, <ServerDescription ('ac-3dowah8-shard-00-01.nex3ywa.mongodb.net', 27017) server_type: Unknown, rtt: None, error=AutoReconnect('SSL handshake failed: ac-3dowah8-shard-00-01.nex3ywa.mongodb.net:27017: [SSL: TLSV1_ALERT_INTERNAL_ERROR] tlsv1 alert internal error (_ssl.c:1000) (configured timeouts: socketTimeoutMS: 20000.0ms, connectTimeoutMS: 20000.0ms)')>, <ServerDescription ('ac-3dowah8-shard-00-02.nex3ywa.mongodb.net', 27017) server_type: Unknown, rtt: None, error=AutoReconnect('SSL handshake failed: ac-3dowah8-shard-00-02.nex3ywa.mongodb.net:27017: [SSL: TLSV1_ALERT_INTERNAL_ERROR] tlsv1 alert internal error (_ssl.c:1000) (configured timeouts: socketTimeoutMS: 20000.0ms, connectTimeoutMS: 20000.0ms)')>]>", "clientId": {"$oid": "6656d3e17822e802f3f7c48f"}, "remainingTimeMS": 30}
2024-05-29 14:07:14,109 System shutting down. Cleaning similarity matrix of current session...
2024-05-29 14:07:14,109 System shutting down. Cleaning similarity matrix of current session...
2024-05-29 14:59:43,348 {"message": "Waiting for suitable server to become available", "selector": "Primary()", "operation": "ping", "topologyDescription": "<TopologyDescription id: 6656e06feeb0e4f83c3cd7ca, topology_type: Unknown, servers: [<ServerDescription ('localhost', 27017) server_type: Unknown, rtt: None>]>", "clientId": {"$oid": "6656e06feeb0e4f83c3cd7ca"}, "remainingTimeMS": 30}
2024-05-29 14:59:55,874 Similarity matrix at 
          72459686
72459686       1.0


2024-05-29 15:00:05,583 System shutting down. Cleaning similarity matrix of current session...
2024-05-29 15:00:05,584 System shutting down. Cleaning similarity matrix of current session...
2024-05-29 15:00:33,013 {"message": "Waiting for suitable server to become available", "selector": "Primary()", "operation": "ping", "topologyDescription": "<TopologyDescription id: 6656e0a18e8a263f46705625, topology_type: Unknown, servers: [<ServerDescription ('localhost', 27017) server_type: Unknown, rtt: None>]>", "clientId": {"$oid": "6656e0a18e8a263f46705625"}, "remainingTimeMS": 30}
2024-05-29 15:00:43,783 Similarity matrix at 
          72882553
72882553       1.0


2024-05-29 15:00:45,409 Similarity matrix at 
          72882553  72459686
72882553  1.000000  0.999762
72459686  0.999762  1.000000


2024-05-29 15:00:46,227 Similarity matrix at 
           72882553  72459686  195969664
72882553   1.000000  0.999762   0.999503
72459686   0.999762  1.000000   0.999628
195969664  0.999503  0.999628   1.000000


2024-05-29 15:00:48,424 Similarity matrix at 
           72882553  72459686  195969664   8885999
72882553   1.000000  0.999762   0.999503  0.999842
72459686   0.999762  1.000000   0.999628  0.999734
195969664  0.999503  0.999628   1.000000  0.999447
8885999    0.999842  0.999734   0.999447  1.000000


2024-05-29 15:00:49,400 Similarity matrix at 
           72882553  72459686  195969664   8885999  53434797
72882553   1.000000  0.999762   0.999503  0.999842  0.991657
72459686   0.999762  1.000000   0.999628  0.999734  0.991743
195969664  0.999503  0.999628   1.000000  0.999447  0.991388
8885999    0.999842  0.999734   0.999447  1.000000  0.991580
53434797   0.991657  0.991743   0.991388  0.991580  1.000000


2024-05-29 15:00:50,365 Similarity matrix at 
           72882553  72459686  195969664   8885999  53434797   1926761
72882553   1.000000  0.999762   0.999503  0.999842  0.991657  0.991549
72459686   0.999762  1.000000   0.999628  0.999734  0.991743  0.991669
195969664  0.999503  0.999628   1.000000  0.999447  0.991388  0.991255
8885999    0.999842  0.999734   0.999447  1.000000  0.991580  0.991499
53434797   0.991657  0.991743   0.991388  0.991580  1.000000  0.999855
1926761    0.991549  0.991669   0.991255  0.991499  0.999855  1.000000


2024-05-29 15:00:52,189 Similarity matrix at 
           72882553  72459686  195969664   8885999  53434797   1926761  186229224
72882553   1.000000  0.999762   0.999503  0.999842  0.991657  0.991549   0.989993
72459686   0.999762  1.000000   0.999628  0.999734  0.991743  0.991669   0.990246
195969664  0.999503  0.999628   1.000000  0.999447  0.991388  0.991255   0.989914
8885999    0.999842  0.999734   0.999447  1.000000  0.991580  0.991499   0.989628
53434797   0.991657  0.991743   0.991388  0.991580  1.000000  0.999855   0.998297
1926761    0.991549  0.991669   0.991255  0.991499  0.999855  1.000000   0.998388
186229224  0.989993  0.990246   0.989914  0.989628  0.998297  0.998388   1.000000


2024-05-29 15:00:53,566 Similarity matrix at 
           72882553  72459686  195969664   8885999  53434797   1926761  186229224   3906209
72882553   1.000000  0.999762   0.999503  0.999842  0.991657  0.991549   0.989993  0.991669
72459686   0.999762  1.000000   0.999628  0.999734  0.991743  0.991669   0.990246  0.991687
195969664  0.999503  0.999628   1.000000  0.999447  0.991388  0.991255   0.989914  0.991334
8885999    0.999842  0.999734   0.999447  1.000000  0.991580  0.991499   0.989628  0.991591
53434797   0.991657  0.991743   0.991388  0.991580  1.000000  0.999855   0.998297  0.999818
1926761    0.991549  0.991669   0.991255  0.991499  0.999855  1.000000   0.998388  0.999744
186229224  0.989993  0.990246   0.989914  0.989628  0.998297  0.998388   1.000000  0.998376
3906209    0.991669  0.991687   0.991334  0.991591  0.999818  0.999744   0.998376  1.000000


2024-05-29 15:00:54,494 Similarity matrix at 
           72882553  72459686  195969664   8885999  53434797   1926761  186229224   3906209   3908963
72882553   1.000000  0.999762   0.999503  0.999842  0.991657  0.991549   0.989993  0.991669  0.991648
72459686   0.999762  1.000000   0.999628  0.999734  0.991743  0.991669   0.990246  0.991687  0.991659
195969664  0.999503  0.999628   1.000000  0.999447  0.991388  0.991255   0.989914  0.991334  0.991347
8885999    0.999842  0.999734   0.999447  1.000000  0.991580  0.991499   0.989628  0.991591  0.991626
53434797   0.991657  0.991743   0.991388  0.991580  1.000000  0.999855   0.998297  0.999818  0.999763
1926761    0.991549  0.991669   0.991255  0.991499  0.999855  1.000000   0.998388  0.999744  0.999756
186229224  0.989993  0.990246   0.989914  0.989628  0.998297  0.998388   1.000000  0.998376  0.998362
3906209    0.991669  0.991687   0.991334  0.991591  0.999818  0.999744   0.998376  1.000000  0.999884
3908963    0.991648  0.991659   0.991347  0.991626  0.999763  0.999756   0.998362  0.999884  1.000000


2024-05-29 15:00:56,216 Similarity matrix at 
           72882553  72459686  195969664   8885999  53434797   1926761  186229224   3906209   3908963  161008717
72882553   1.000000  0.999762   0.999503  0.999842  0.991657  0.991549   0.989993  0.991669  0.991648   0.999664
72459686   0.999762  1.000000   0.999628  0.999734  0.991743  0.991669   0.990246  0.991687  0.991659   0.999721
195969664  0.999503  0.999628   1.000000  0.999447  0.991388  0.991255   0.989914  0.991334  0.991347   0.999276
8885999    0.999842  0.999734   0.999447  1.000000  0.991580  0.991499   0.989628  0.991591  0.991626   0.999673
53434797   0.991657  0.991743   0.991388  0.991580  1.000000  0.999855   0.998297  0.999818  0.999763   0.991640
1926761    0.991549  0.991669   0.991255  0.991499  0.999855  1.000000   0.998388  0.999744  0.999756   0.991591
186229224  0.989993  0.990246   0.989914  0.989628  0.998297  0.998388   1.000000  0.998376  0.998362   0.989673
3906209    0.991669  0.991687   0.991334  0.991591  0.999818  0.999744   0.998376  1.000000  0.999884   0.991508
3908963    0.991648  0.991659   0.991347  0.991626  0.999763  0.999756   0.998362  0.999884  1.000000   0.991468
161008717  0.999664  0.999721   0.999276  0.999673  0.991640  0.991591   0.989673  0.991508  0.991468   1.000000


2024-05-29 15:01:02,616 System shutting down. Cleaning similarity matrix of current session...
2024-05-29 15:01:02,616 System shutting down. Cleaning similarity matrix of current session...
2024-05-29 15:03:53,930 {"message": "Waiting for suitable server to become available", "selector": "Primary()", "operation": "ping", "topologyDescription": "<TopologyDescription id: 6656e169641d0ebc9beb98ed, topology_type: Unknown, servers: [<ServerDescription ('localhost', 27017) server_type: Unknown, rtt: None>]>", "clientId": {"$oid": "6656e169641d0ebc9beb98ed"}, "remainingTimeMS": 30}
2024-05-29 15:03:54,000 System shutting down. Cleaning similarity matrix of current session...
2024-05-29 15:05:21,966 {"message": "Waiting for suitable server to become available", "selector": "Primary()", "operation": "ping", "topologyDescription": "<TopologyDescription id: 6656e1c11024c05e402349c7, topology_type: Unknown, servers: [<ServerDescription ('localhost', 27017) server_type: Unknown, rtt: None>]>", "clientId": {"$oid": "6656e1c11024c05e402349c7"}, "remainingTimeMS": 30}
2024-05-29 15:05:22,036 [31m[1mWARNING: This is a development server. Do not use it in a production deployment. Use a production WSGI server instead.[0m
 * Running on http://127.0.0.1:5000
2024-05-29 15:05:22,036 [33mPress CTRL+C to quit[0m
2024-05-29 15:05:22,039  * Restarting with stat
2024-05-29 15:05:40,626 {"message": "Waiting for suitable server to become available", "selector": "Primary()", "operation": "ping", "topologyDescription": "<TopologyDescription id: 6656e1d49a08f4db69a34be3, topology_type: Unknown, servers: [<ServerDescription ('localhost', 27017) server_type: Unknown, rtt: None>]>", "clientId": {"$oid": "6656e1d49a08f4db69a34be3"}, "remainingTimeMS": 30}
2024-05-29 15:05:40,639  * Debugger is active!
2024-05-29 15:05:40,647  * Debugger PIN: 804-465-189
2024-05-29 15:07:08,008 127.0.0.1 - - [29/May/2024 15:07:08] "[35m[1mGET / HTTP/1.1[0m" 500 -
2024-05-29 15:07:08,297 127.0.0.1 - - [29/May/2024 15:07:08] "GET /?__debugger__=yes&cmd=resource&f=style.css HTTP/1.1" 200 -
2024-05-29 15:07:08,359 127.0.0.1 - - [29/May/2024 15:07:08] "GET /?__debugger__=yes&cmd=resource&f=debugger.js HTTP/1.1" 200 -
2024-05-29 15:07:08,755 127.0.0.1 - - [29/May/2024 15:07:08] "GET /?__debugger__=yes&cmd=resource&f=console.png HTTP/1.1" 200 -
2024-05-29 15:07:08,996 127.0.0.1 - - [29/May/2024 15:07:08] "[36mGET /?__debugger__=yes&cmd=resource&f=console.png HTTP/1.1[0m" 304 -
2024-05-29 15:34:36,438 {"message": "Waiting for suitable server to become available", "selector": "Primary()", "operation": "ping", "topologyDescription": "<TopologyDescription id: 6656e89cf634bbab57c9931a, topology_type: Unknown, servers: [<ServerDescription ('localhost', 27017) server_type: Unknown, rtt: None>]>", "clientId": {"$oid": "6656e89cf634bbab57c9931a"}, "remainingTimeMS": 30}
2024-05-29 15:34:51,771 Similarity matrix at 
           112588572
112588572        1.0


2024-05-29 15:34:55,090 Similarity matrix at 
           112588572  73207240
112588572   1.000000  0.991629
73207240    0.991629  1.000000


2024-05-29 15:34:56,270 Similarity matrix at 
           112588572  73207240  34583393
112588572   1.000000  0.991629  0.999466
73207240    0.991629  1.000000  0.991361
34583393    0.999466  0.991361  1.000000


2024-05-29 15:35:00,833 Similarity matrix at 
           112588572  73207240  34583393  136340700
112588572   1.000000  0.991629  0.999466   0.999803
73207240    0.991629  1.000000  0.991361   0.991592
34583393    0.999466  0.991361  1.000000   0.999513
136340700   0.999803  0.991592  0.999513   1.000000


2024-05-29 15:35:06,498 Similarity matrix at 
           112588572  73207240  34583393  136340700  46240929
112588572   1.000000  0.991629  0.999466   0.999803  0.991714
73207240    0.991629  1.000000  0.991361   0.991592  0.999813
34583393    0.999466  0.991361  1.000000   0.999513  0.991210
136340700   0.999803  0.991592  0.999513   1.000000  0.991628
46240929    0.991714  0.999813  0.991210   0.991628  1.000000


2024-05-29 15:35:11,753 Similarity matrix at 
           112588572  73207240  34583393  136340700  46240929  121635152
112588572   1.000000  0.991629  0.999466   0.999803  0.991714   0.991573
73207240    0.991629  1.000000  0.991361   0.991592  0.999813   0.999851
34583393    0.999466  0.991361  1.000000   0.999513  0.991210   0.991432
136340700   0.999803  0.991592  0.999513   1.000000  0.991628   0.991656
46240929    0.991714  0.999813  0.991210   0.991628  1.000000   0.999786
121635152   0.991573  0.999851  0.991432   0.991656  0.999786   1.000000


2024-05-29 15:35:16,509 Similarity matrix at 
           112588572  73207240  34583393  ...  46240929  121635152  194959173
112588572   1.000000  0.991629  0.999466  ...  0.991714   0.991573   0.991591
73207240    0.991629  1.000000  0.991361  ...  0.999813   0.999851   0.999810
34583393    0.999466  0.991361  1.000000  ...  0.991210   0.991432   0.991356
136340700   0.999803  0.991592  0.999513  ...  0.991628   0.991656   0.991575
46240929    0.991714  0.999813  0.991210  ...  1.000000   0.999786   0.999779
121635152   0.991573  0.999851  0.991432  ...  0.999786   1.000000   0.999811
194959173   0.991591  0.999810  0.991356  ...  0.999779   0.999811   1.000000

[7 rows x 7 columns]


2024-05-29 15:35:18,357 Similarity matrix at 
           112588572  73207240  34583393  ...  121635152  194959173  197344455
112588572   1.000000  0.991629  0.999466  ...   0.991573   0.991591   0.991636
73207240    0.991629  1.000000  0.991361  ...   0.999851   0.999810   0.999796
34583393    0.999466  0.991361  1.000000  ...   0.991432   0.991356   0.991311
136340700   0.999803  0.991592  0.999513  ...   0.991656   0.991575   0.991660
46240929    0.991714  0.999813  0.991210  ...   0.999786   0.999779   0.999797
121635152   0.991573  0.999851  0.991432  ...   1.000000   0.999811   0.999773
194959173   0.991591  0.999810  0.991356  ...   0.999811   1.000000   0.999821
197344455   0.991636  0.999796  0.991311  ...   0.999773   0.999821   1.000000

[8 rows x 8 columns]


2024-05-29 15:35:21,418 Similarity matrix at 
           112588572  73207240  34583393  ...  194959173  197344455  92859698
112588572   1.000000  0.991629  0.999466  ...   0.991591   0.991636  0.991653
73207240    0.991629  1.000000  0.991361  ...   0.999810   0.999796  0.999835
34583393    0.999466  0.991361  1.000000  ...   0.991356   0.991311  0.991262
136340700   0.999803  0.991592  0.999513  ...   0.991575   0.991660  0.991583
46240929    0.991714  0.999813  0.991210  ...   0.999779   0.999797  0.999932
121635152   0.991573  0.999851  0.991432  ...   0.999811   0.999773  0.999819
194959173   0.991591  0.999810  0.991356  ...   1.000000   0.999821  0.999770
197344455   0.991636  0.999796  0.991311  ...   0.999821   1.000000  0.999762
92859698    0.991653  0.999835  0.991262  ...   0.999770   0.999762  1.000000

[9 rows x 9 columns]


2024-05-29 15:35:23,758 Similarity matrix at 
           112588572  73207240  34583393  ...  197344455  92859698   8885995
112588572   1.000000  0.991629  0.999466  ...   0.991636  0.991653  0.991475
73207240    0.991629  1.000000  0.991361  ...   0.999796  0.999835  0.999723
34583393    0.999466  0.991361  1.000000  ...   0.991311  0.991262  0.991078
136340700   0.999803  0.991592  0.999513  ...   0.991660  0.991583  0.991458
46240929    0.991714  0.999813  0.991210  ...   0.999797  0.999932  0.999804
121635152   0.991573  0.999851  0.991432  ...   0.999773  0.999819  0.999745
194959173   0.991591  0.999810  0.991356  ...   0.999821  0.999770  0.999795
197344455   0.991636  0.999796  0.991311  ...   1.000000  0.999762  0.999667
92859698    0.991653  0.999835  0.991262  ...   0.999762  1.000000  0.999795
8885995     0.991475  0.999723  0.991078  ...   0.999667  0.999795  1.000000

[10 rows x 10 columns]


2024-05-29 15:35:25,594 Similarity matrix at 
           112588572  73207240  34583393  ...  92859698   8885995  196932307
112588572   1.000000  0.991629  0.999466  ...  0.991653  0.991475   0.991503
73207240    0.991629  1.000000  0.991361  ...  0.999835  0.999723   0.999678
34583393    0.999466  0.991361  1.000000  ...  0.991262  0.991078   0.991113
136340700   0.999803  0.991592  0.999513  ...  0.991583  0.991458   0.991451
46240929    0.991714  0.999813  0.991210  ...  0.999932  0.999804   0.999636
121635152   0.991573  0.999851  0.991432  ...  0.999819  0.999745   0.999607
194959173   0.991591  0.999810  0.991356  ...  0.999770  0.999795   0.999736
197344455   0.991636  0.999796  0.991311  ...  0.999762  0.999667   0.999774
92859698    0.991653  0.999835  0.991262  ...  1.000000  0.999795   0.999616
8885995     0.991475  0.999723  0.991078  ...  0.999795  1.000000   0.999587
196932307   0.991503  0.999678  0.991113  ...  0.999616  0.999587   1.000000

[11 rows x 11 columns]


2024-05-29 15:35:32,337 Similarity matrix at 
           112588572  73207240  34583393  ...   8885995  196932307  54266567
112588572   1.000000  0.991629  0.999466  ...  0.991475   0.991503  0.991545
73207240    0.991629  1.000000  0.991361  ...  0.999723   0.999678  0.999728
34583393    0.999466  0.991361  1.000000  ...  0.991078   0.991113  0.991090
136340700   0.999803  0.991592  0.999513  ...  0.991458   0.991451  0.991549
46240929    0.991714  0.999813  0.991210  ...  0.999804   0.999636  0.999864
121635152   0.991573  0.999851  0.991432  ...  0.999745   0.999607  0.999745
194959173   0.991591  0.999810  0.991356  ...  0.999795   0.999736  0.999779
197344455   0.991636  0.999796  0.991311  ...  0.999667   0.999774  0.999710
92859698    0.991653  0.999835  0.991262  ...  0.999795   0.999616  0.999848
8885995     0.991475  0.999723  0.991078  ...  1.000000   0.999587  0.999897
196932307   0.991503  0.999678  0.991113  ...  0.999587   1.000000  0.999544
54266567    0.991545  0.999728  0.991090  ...  0.999897   0.999544  1.000000

[12 rows x 12 columns]


2024-05-29 15:35:37,437 Similarity matrix at 
           112588572  73207240  34583393  ...  196932307  54266567  76388962
112588572   1.000000  0.991629  0.999466  ...   0.991503  0.991545  0.991576
73207240    0.991629  1.000000  0.991361  ...   0.999678  0.999728  0.999709
34583393    0.999466  0.991361  1.000000  ...   0.991113  0.991090  0.991273
136340700   0.999803  0.991592  0.999513  ...   0.991451  0.991549  0.991638
46240929    0.991714  0.999813  0.991210  ...   0.999636  0.999864  0.999779
121635152   0.991573  0.999851  0.991432  ...   0.999607  0.999745  0.999818
194959173   0.991591  0.999810  0.991356  ...   0.999736  0.999779  0.999748
197344455   0.991636  0.999796  0.991311  ...   0.999774  0.999710  0.999716
92859698    0.991653  0.999835  0.991262  ...   0.999616  0.999848  0.999794
8885995     0.991475  0.999723  0.991078  ...   0.999587  0.999897  0.999760
196932307   0.991503  0.999678  0.991113  ...   1.000000  0.999544  0.999560
54266567    0.991545  0.999728  0.991090  ...   0.999544  1.000000  0.999764
76388962    0.991576  0.999709  0.991273  ...   0.999560  0.999764  1.000000

[13 rows x 13 columns]


2024-05-29 15:35:41,673 Similarity matrix at 
           112588572  73207240  34583393  ...  54266567  76388962  187338036
112588572   1.000000  0.991629  0.999466  ...  0.991545  0.991576   0.991663
73207240    0.991629  1.000000  0.991361  ...  0.999728  0.999709   0.999729
34583393    0.999466  0.991361  1.000000  ...  0.991090  0.991273   0.991182
136340700   0.999803  0.991592  0.999513  ...  0.991549  0.991638   0.991582
46240929    0.991714  0.999813  0.991210  ...  0.999864  0.999779   0.999904
121635152   0.991573  0.999851  0.991432  ...  0.999745  0.999818   0.999720
194959173   0.991591  0.999810  0.991356  ...  0.999779  0.999748   0.999794
197344455   0.991636  0.999796  0.991311  ...  0.999710  0.999716   0.999776
92859698    0.991653  0.999835  0.991262  ...  0.999848  0.999794   0.999875
8885995     0.991475  0.999723  0.991078  ...  0.999897  0.999760   0.999818
196932307   0.991503  0.999678  0.991113  ...  0.999544  0.999560   0.999634
54266567    0.991545  0.999728  0.991090  ...  1.000000  0.999764   0.999862
76388962    0.991576  0.999709  0.991273  ...  0.999764  1.000000   0.999759
187338036   0.991663  0.999729  0.991182  ...  0.999862  0.999759   1.000000

[14 rows x 14 columns]


2024-05-29 15:35:47,144 Similarity matrix at 
           112588572  73207240  34583393  ...  76388962  187338036  171556602
112588572   1.000000  0.991629  0.999466  ...  0.991576   0.991663   0.991599
73207240    0.991629  1.000000  0.991361  ...  0.999709   0.999729   0.999781
34583393    0.999466  0.991361  1.000000  ...  0.991273   0.991182   0.991339
136340700   0.999803  0.991592  0.999513  ...  0.991638   0.991582   0.991638
46240929    0.991714  0.999813  0.991210  ...  0.999779   0.999904   0.999794
121635152   0.991573  0.999851  0.991432  ...  0.999818   0.999720   0.999832
194959173   0.991591  0.999810  0.991356  ...  0.999748   0.999794   0.999809
197344455   0.991636  0.999796  0.991311  ...  0.999716   0.999776   0.999761
92859698    0.991653  0.999835  0.991262  ...  0.999794   0.999875   0.999781
8885995     0.991475  0.999723  0.991078  ...  0.999760   0.999818   0.999807
196932307   0.991503  0.999678  0.991113  ...  0.999560   0.999634   0.999496
54266567    0.991545  0.999728  0.991090  ...  0.999764   0.999862   0.999842
76388962    0.991576  0.999709  0.991273  ...  1.000000   0.999759   0.999820
187338036   0.991663  0.999729  0.991182  ...  0.999759   1.000000   0.999773
171556602   0.991599  0.999781  0.991339  ...  0.999820   0.999773   1.000000

[15 rows x 15 columns]


2024-05-29 15:35:49,663 Similarity matrix at 
           112588572  73207240  34583393  ...  187338036  171556602  106318762
112588572   1.000000  0.991629  0.999466  ...   0.991663   0.991599   0.999842
73207240    0.991629  1.000000  0.991361  ...   0.999729   0.999781   0.991657
34583393    0.999466  0.991361  1.000000  ...   0.991182   0.991339   0.999486
136340700   0.999803  0.991592  0.999513  ...   0.991582   0.991638   0.999835
46240929    0.991714  0.999813  0.991210  ...   0.999904   0.999794   0.991747
121635152   0.991573  0.999851  0.991432  ...   0.999720   0.999832   0.991648
194959173   0.991591  0.999810  0.991356  ...   0.999794   0.999809   0.991650
197344455   0.991636  0.999796  0.991311  ...   0.999776   0.999761   0.991677
92859698    0.991653  0.999835  0.991262  ...   0.999875   0.999781   0.991753
8885995     0.991475  0.999723  0.991078  ...   0.999818   0.999807   0.991554
196932307   0.991503  0.999678  0.991113  ...   0.999634   0.999496   0.991472
54266567    0.991545  0.999728  0.991090  ...   0.999862   0.999842   0.991638
76388962    0.991576  0.999709  0.991273  ...   0.999759   0.999820   0.991663
187338036   0.991663  0.999729  0.991182  ...   1.000000   0.999773   0.991699
171556602   0.991599  0.999781  0.991339  ...   0.999773   1.000000   0.991662
106318762   0.999842  0.991657  0.999486  ...   0.991699   0.991662   1.000000

[16 rows x 16 columns]


2024-05-29 15:35:55,358 Similarity matrix at 
           112588572  73207240  34583393  ...  171556602  106318762  109505434
112588572   1.000000  0.991629  0.999466  ...   0.991599   0.999842   0.991576
73207240    0.991629  1.000000  0.991361  ...   0.999781   0.991657   0.999757
34583393    0.999466  0.991361  1.000000  ...   0.991339   0.999486   0.991164
136340700   0.999803  0.991592  0.999513  ...   0.991638   0.999835   0.991545
46240929    0.991714  0.999813  0.991210  ...   0.999794   0.991747   0.999806
121635152   0.991573  0.999851  0.991432  ...   0.999832   0.991648   0.999807
194959173   0.991591  0.999810  0.991356  ...   0.999809   0.991650   0.999827
197344455   0.991636  0.999796  0.991311  ...   0.999761   0.991677   0.999718
92859698    0.991653  0.999835  0.991262  ...   0.999781   0.991753   0.999787
8885995     0.991475  0.999723  0.991078  ...   0.999807   0.991554   0.999867
196932307   0.991503  0.999678  0.991113  ...   0.999496   0.991472   0.999581
54266567    0.991545  0.999728  0.991090  ...   0.999842   0.991638   0.999870
76388962    0.991576  0.999709  0.991273  ...   0.999820   0.991663   0.999786
187338036   0.991663  0.999729  0.991182  ...   0.999773   0.991699   0.999812
171556602   0.991599  0.999781  0.991339  ...   1.000000   0.991662   0.999846
106318762   0.999842  0.991657  0.999486  ...   0.991662   1.000000   0.991581
109505434   0.991576  0.999757  0.991164  ...   0.999846   0.991581   1.000000

[17 rows x 17 columns]


2024-05-29 15:36:00,047 Similarity matrix at 
           112588572  73207240  34583393  ...  106318762  109505434  112110014
112588572   1.000000  0.991629  0.999466  ...   0.999842   0.991576   0.991597
73207240    0.991629  1.000000  0.991361  ...   0.991657   0.999757   0.999804
34583393    0.999466  0.991361  1.000000  ...   0.999486   0.991164   0.991201
136340700   0.999803  0.991592  0.999513  ...   0.999835   0.991545   0.991534
46240929    0.991714  0.999813  0.991210  ...   0.991747   0.999806   0.999876
121635152   0.991573  0.999851  0.991432  ...   0.991648   0.999807   0.999766
194959173   0.991591  0.999810  0.991356  ...   0.991650   0.999827   0.999730
197344455   0.991636  0.999796  0.991311  ...   0.991677   0.999718   0.999747
92859698    0.991653  0.999835  0.991262  ...   0.991753   0.999787   0.999880
8885995     0.991475  0.999723  0.991078  ...   0.991554   0.999867   0.999710
196932307   0.991503  0.999678  0.991113  ...   0.991472   0.999581   0.999688
54266567    0.991545  0.999728  0.991090  ...   0.991638   0.999870   0.999741
76388962    0.991576  0.999709  0.991273  ...   0.991663   0.999786   0.999674
187338036   0.991663  0.999729  0.991182  ...   0.991699   0.999812   0.999781
171556602   0.991599  0.999781  0.991339  ...   0.991662   0.999846   0.999677
106318762   0.999842  0.991657  0.999486  ...   1.000000   0.991581   0.991654
109505434   0.991576  0.999757  0.991164  ...   0.991581   1.000000   0.999690
112110014   0.991597  0.999804  0.991201  ...   0.991654   0.999690   1.000000

[18 rows x 18 columns]


2024-05-29 15:36:04,913 Similarity matrix at 
           112588572  73207240  34583393  ...  109505434  112110014   7833728
112588572   1.000000  0.991629  0.999466  ...   0.991576   0.991597  0.991499
73207240    0.991629  1.000000  0.991361  ...   0.999757   0.999804  0.999790
34583393    0.999466  0.991361  1.000000  ...   0.991164   0.991201  0.991310
136340700   0.999803  0.991592  0.999513  ...   0.991545   0.991534  0.991603
46240929    0.991714  0.999813  0.991210  ...   0.999806   0.999876  0.999787
121635152   0.991573  0.999851  0.991432  ...   0.999807   0.999766  0.999895
194959173   0.991591  0.999810  0.991356  ...   0.999827   0.999730  0.999786
197344455   0.991636  0.999796  0.991311  ...   0.999718   0.999747  0.999744
92859698    0.991653  0.999835  0.991262  ...   0.999787   0.999880  0.999802
8885995     0.991475  0.999723  0.991078  ...   0.999867   0.999710  0.999836
196932307   0.991503  0.999678  0.991113  ...   0.999581   0.999688  0.999522
54266567    0.991545  0.999728  0.991090  ...   0.999870   0.999741  0.999828
76388962    0.991576  0.999709  0.991273  ...   0.999786   0.999674  0.999821
187338036   0.991663  0.999729  0.991182  ...   0.999812   0.999781  0.999744
171556602   0.991599  0.999781  0.991339  ...   0.999846   0.999677  0.999888
106318762   0.999842  0.991657  0.999486  ...   0.991581   0.991654  0.991629
109505434   0.991576  0.999757  0.991164  ...   1.000000   0.999690  0.999825
112110014   0.991597  0.999804  0.991201  ...   0.999690   1.000000  0.999698
7833728     0.991499  0.999790  0.991310  ...   0.999825   0.999698  1.000000

[19 rows x 19 columns]


2024-05-29 15:36:10,621 Similarity matrix at 
           112588572  73207240  34583393  ...  112110014   7833728   7718737
112588572   1.000000  0.991629  0.999466  ...   0.991597  0.991499  0.991562
73207240    0.991629  1.000000  0.991361  ...   0.999804  0.999790  0.999773
34583393    0.999466  0.991361  1.000000  ...   0.991201  0.991310  0.991251
136340700   0.999803  0.991592  0.999513  ...   0.991534  0.991603  0.991571
46240929    0.991714  0.999813  0.991210  ...   0.999876  0.999787  0.999862
121635152   0.991573  0.999851  0.991432  ...   0.999766  0.999895  0.999867
194959173   0.991591  0.999810  0.991356  ...   0.999730  0.999786  0.999839
197344455   0.991636  0.999796  0.991311  ...   0.999747  0.999744  0.999716
92859698    0.991653  0.999835  0.991262  ...   0.999880  0.999802  0.999872
8885995     0.991475  0.999723  0.991078  ...   0.999710  0.999836  0.999913
196932307   0.991503  0.999678  0.991113  ...   0.999688  0.999522  0.999574
54266567    0.991545  0.999728  0.991090  ...   0.999741  0.999828  0.999915
76388962    0.991576  0.999709  0.991273  ...   0.999674  0.999821  0.999820
187338036   0.991663  0.999729  0.991182  ...   0.999781  0.999744  0.999850
171556602   0.991599  0.999781  0.991339  ...   0.999677  0.999888  0.999871
106318762   0.999842  0.991657  0.999486  ...   0.991654  0.991629  0.991659
109505434   0.991576  0.999757  0.991164  ...   0.999690  0.999825  0.999911
112110014   0.991597  0.999804  0.991201  ...   1.000000  0.999698  0.999769
7833728     0.991499  0.999790  0.991310  ...   0.999698  1.000000  0.999892
7718737     0.991562  0.999773  0.991251  ...   0.999769  0.999892  1.000000

[20 rows x 20 columns]


2024-05-29 15:36:18,095 Similarity matrix at 
           112588572  73207240  34583393  ...   7833728   7718737  184070223
112588572   1.000000  0.991629  0.999466  ...  0.991499  0.991562   0.991605
73207240    0.991629  1.000000  0.991361  ...  0.999790  0.999773   0.999692
34583393    0.999466  0.991361  1.000000  ...  0.991310  0.991251   0.991021
136340700   0.999803  0.991592  0.999513  ...  0.991603  0.991571   0.991470
46240929    0.991714  0.999813  0.991210  ...  0.999787  0.999862   0.999832
121635152   0.991573  0.999851  0.991432  ...  0.999895  0.999867   0.999631
194959173   0.991591  0.999810  0.991356  ...  0.999786  0.999839   0.999734
197344455   0.991636  0.999796  0.991311  ...  0.999744  0.999716   0.999674
92859698    0.991653  0.999835  0.991262  ...  0.999802  0.999872   0.999833
8885995     0.991475  0.999723  0.991078  ...  0.999836  0.999913   0.999715
196932307   0.991503  0.999678  0.991113  ...  0.999522  0.999574   0.999674
54266567    0.991545  0.999728  0.991090  ...  0.999828  0.999915   0.999766
76388962    0.991576  0.999709  0.991273  ...  0.999821  0.999820   0.999686
187338036   0.991663  0.999729  0.991182  ...  0.999744  0.999850   0.999833
171556602   0.991599  0.999781  0.991339  ...  0.999888  0.999871   0.999617
106318762   0.999842  0.991657  0.999486  ...  0.991629  0.991659   0.991642
109505434   0.991576  0.999757  0.991164  ...  0.999825  0.999911   0.999691
112110014   0.991597  0.999804  0.991201  ...  0.999698  0.999769   0.999754
7833728     0.991499  0.999790  0.991310  ...  1.000000  0.999892   0.999610
7718737     0.991562  0.999773  0.991251  ...  0.999892  1.000000   0.999762
184070223   0.991605  0.999692  0.991021  ...  0.999610  0.999762   1.000000

[21 rows x 21 columns]


2024-05-29 15:36:22,031 Similarity matrix at 
           112588572  73207240  34583393  ...   7718737  184070223  192115858
112588572   1.000000  0.991629  0.999466  ...  0.991562   0.991605   0.991533
73207240    0.991629  1.000000  0.991361  ...  0.999773   0.999692   0.999724
34583393    0.999466  0.991361  1.000000  ...  0.991251   0.991021   0.991104
136340700   0.999803  0.991592  0.999513  ...  0.991571   0.991470   0.991576
46240929    0.991714  0.999813  0.991210  ...  0.999862   0.999832   0.999757
121635152   0.991573  0.999851  0.991432  ...  0.999867   0.999631   0.999702
194959173   0.991591  0.999810  0.991356  ...  0.999839   0.999734   0.999725
197344455   0.991636  0.999796  0.991311  ...  0.999716   0.999674   0.999867
92859698    0.991653  0.999835  0.991262  ...  0.999872   0.999833   0.999713
8885995     0.991475  0.999723  0.991078  ...  0.999913   0.999715   0.999704
196932307   0.991503  0.999678  0.991113  ...  0.999574   0.999674   0.999824
54266567    0.991545  0.999728  0.991090  ...  0.999915   0.999766   0.999677
76388962    0.991576  0.999709  0.991273  ...  0.999820   0.999686   0.999675
187338036   0.991663  0.999729  0.991182  ...  0.999850   0.999833   0.999752
171556602   0.991599  0.999781  0.991339  ...  0.999871   0.999617   0.999640
106318762   0.999842  0.991657  0.999486  ...  0.991659   0.991642   0.991548
109505434   0.991576  0.999757  0.991164  ...  0.999911   0.999691   0.999692
112110014   0.991597  0.999804  0.991201  ...  0.999769   0.999754   0.999741
7833728     0.991499  0.999790  0.991310  ...  0.999892   0.999610   0.999686
7718737     0.991562  0.999773  0.991251  ...  1.000000   0.999762   0.999695
184070223   0.991605  0.999692  0.991021  ...  0.999762   1.000000   0.999655
192115858   0.991533  0.999724  0.991104  ...  0.999695   0.999655   1.000000

[22 rows x 22 columns]


2024-05-29 15:36:27,494 Similarity matrix at 
           112588572  73207240  34583393  ...  184070223  192115858  94173458
112588572   1.000000  0.991629  0.999466  ...   0.991605   0.991533  0.991482
73207240    0.991629  1.000000  0.991361  ...   0.999692   0.999724  0.999754
34583393    0.999466  0.991361  1.000000  ...   0.991021   0.991104  0.991047
136340700   0.999803  0.991592  0.999513  ...   0.991470   0.991576  0.991414
46240929    0.991714  0.999813  0.991210  ...   0.999832   0.999757  0.999777
121635152   0.991573  0.999851  0.991432  ...   0.999631   0.999702  0.999725
194959173   0.991591  0.999810  0.991356  ...   0.999734   0.999725  0.999776
197344455   0.991636  0.999796  0.991311  ...   0.999674   0.999867  0.999660
92859698    0.991653  0.999835  0.991262  ...   0.999833   0.999713  0.999757
8885995     0.991475  0.999723  0.991078  ...   0.999715   0.999704  0.999878
196932307   0.991503  0.999678  0.991113  ...   0.999674   0.999824  0.999514
54266567    0.991545  0.999728  0.991090  ...   0.999766   0.999677  0.999849
76388962    0.991576  0.999709  0.991273  ...   0.999686   0.999675  0.999627
187338036   0.991663  0.999729  0.991182  ...   0.999833   0.999752  0.999778
171556602   0.991599  0.999781  0.991339  ...   0.999617   0.999640  0.999761
106318762   0.999842  0.991657  0.999486  ...   0.991642   0.991548  0.991498
109505434   0.991576  0.999757  0.991164  ...   0.999691   0.999692  0.999866
112110014   0.991597  0.999804  0.991201  ...   0.999754   0.999741  0.999657
7833728     0.991499  0.999790  0.991310  ...   0.999610   0.999686  0.999754
7718737     0.991562  0.999773  0.991251  ...   0.999762   0.999695  0.999862
184070223   0.991605  0.999692  0.991021  ...   1.000000   0.999655  0.999658
192115858   0.991533  0.999724  0.991104  ...   0.999655   1.000000  0.999674
94173458    0.991482  0.999754  0.991047  ...   0.999658   0.999674  1.000000

[23 rows x 23 columns]


2024-05-29 15:36:30,115 Similarity matrix at 
           112588572  73207240  34583393  ...  192115858  94173458  109017985
112588572   1.000000  0.991629  0.999466  ...   0.991533  0.991482   0.991645
73207240    0.991629  1.000000  0.991361  ...   0.999724  0.999754   0.999777
34583393    0.999466  0.991361  1.000000  ...   0.991104  0.991047   0.991225
136340700   0.999803  0.991592  0.999513  ...   0.991576  0.991414   0.991572
46240929    0.991714  0.999813  0.991210  ...   0.999757  0.999777   0.999850
121635152   0.991573  0.999851  0.991432  ...   0.999702  0.999725   0.999805
194959173   0.991591  0.999810  0.991356  ...   0.999725  0.999776   0.999819
197344455   0.991636  0.999796  0.991311  ...   0.999867  0.999660   0.999724
92859698    0.991653  0.999835  0.991262  ...   0.999713  0.999757   0.999825
8885995     0.991475  0.999723  0.991078  ...   0.999704  0.999878   0.999843
196932307   0.991503  0.999678  0.991113  ...   0.999824  0.999514   0.999577
54266567    0.991545  0.999728  0.991090  ...   0.999677  0.999849   0.999825
76388962    0.991576  0.999709  0.991273  ...   0.999675  0.999627   0.999837
187338036   0.991663  0.999729  0.991182  ...   0.999752  0.999778   0.999844
171556602   0.991599  0.999781  0.991339  ...   0.999640  0.999761   0.999833
106318762   0.999842  0.991657  0.999486  ...   0.991548  0.991498   0.991664
109505434   0.991576  0.999757  0.991164  ...   0.999692  0.999866   0.999908
112110014   0.991597  0.999804  0.991201  ...   0.999741  0.999657   0.999700
7833728     0.991499  0.999790  0.991310  ...   0.999686  0.999754   0.999824
7718737     0.991562  0.999773  0.991251  ...   0.999695  0.999862   0.999885
184070223   0.991605  0.999692  0.991021  ...   0.999655  0.999658   0.999719
192115858   0.991533  0.999724  0.991104  ...   1.000000  0.999674   0.999677
94173458    0.991482  0.999754  0.991047  ...   0.999674  1.000000   0.999829
109017985   0.991645  0.999777  0.991225  ...   0.999677  0.999829   1.000000

[24 rows x 24 columns]


2024-05-29 15:42:04,086 System shutting down. Cleaning similarity matrix of current session...
2024-05-29 15:42:04,128 System shutting down. Cleaning similarity matrix of current session...
2024-05-29 17:59:04,943 {"message": "Waiting for suitable server to become available", "selector": "Primary()", "operation": "ping", "topologyDescription": "<TopologyDescription id: 66570a78ea4acae57b3e4221, topology_type: Unknown, servers: [<ServerDescription ('localhost', 27017) server_type: Unknown, rtt: None>]>", "clientId": {"$oid": "66570a78ea4acae57b3e4221"}, "remainingTimeMS": 30}
2024-05-29 17:59:13,556 Similarity matrix at 
           189643105
189643105        1.0


2024-05-29 17:59:14,656 Similarity matrix at 
           189643105  53434797
189643105   1.000000  0.991707
53434797    0.991707  1.000000


2024-05-29 17:59:15,320 Similarity matrix at 
           189643105  53434797  112594560
189643105   1.000000  0.991707   0.991728
53434797    0.991707  1.000000   0.999825
112594560   0.991728  0.999825   1.000000


2024-05-29 17:59:16,307 Similarity matrix at 
           189643105  53434797  112594560   3908963
189643105   1.000000  0.991707   0.991728  0.991630
53434797    0.991707  1.000000   0.999825  0.999763
112594560   0.991728  0.999825   1.000000  0.999762
3908963     0.991630  0.999763   0.999762  1.000000


2024-05-29 17:59:18,201 Similarity matrix at 
           189643105  53434797  112594560   3908963   3954355
189643105   1.000000  0.991707   0.991728  0.991630  0.999862
53434797    0.991707  1.000000   0.999825  0.999763  0.991703
112594560   0.991728  0.999825   1.000000  0.999762  0.991743
3908963     0.991630  0.999763   0.999762  1.000000  0.991631
3954355     0.999862  0.991703   0.991743  0.991631  1.000000


2024-05-29 17:59:21,153 Similarity matrix at 
           189643105  53434797  112594560   3908963   3954355  117254517
